fig|1765.277.peg.3383	CDD:306555	35.484	31	20	0	257	287	401	431	4.95e-006	33.8
fig|1764.11.peg.2615|BBJ32_12650	CDD:306555	20.699	372	222	13	84	391	90	452	1.24e-027	100
fig|1767.10.peg.2688|CKJ61_13225	CDD:306555	25.469	373	203	16	96	402	68	431	2.32e-036	126
fig|1773.248.peg.1112|IQ40_03000	CDD:306555	26.077	441	272	18	48	452	1	423	4.00e-052	170
fig|1770.9.peg.3386	CDD:306555	25.575	348	199	14	82	372	86	430	2.70e-036	125
fig|1770.39.peg.108|CEP84_00555	CDD:306555	30.242	248	168	5	1	245	214	459	2.54e-058	180
fig|1764.11.peg.1891|BBJ32_09125	CDD:306555	28.230	418	248	13	37	410	26	435	3.96e-062	196
fig|1767.10.peg.2199|CKJ61_10845	CDD:306555	20.745	376	231	14	78	397	60	424	1.82e-020	79.6
fig|1773.31.peg.3379|UDA_1777	CDD:306555	22.817	355	200	15	90	378	87	433	8.47e-026	95.4
fig|1773.226.peg.910|IU13_06745	CDD:306555	23.506	251	152	6	181	392	210	459	3.09e-026	96.6
fig|1771.11.peg.3973|MPHLCCUG_04005	CDD:306555	22.571	350	208	11	97	387	91	436	6.19e-019	74.6
fig|1765.326.peg.1912|RN07_1810	CDD:306555	26.551	403	259	9	23	396	34	428	6.14e-068	211
fig|1772.19.peg.1231|ERS451418_01218	CDD:306555	27.107	439	270	16	28	429	24	449	1.02e-060	192
fig|1773.228.peg.1376|IU15_19215	CDD:306555	27.211	441	278	16	47	449	26	461	1.28e-064	203
fig|1773.226.peg.1579|IU13_09520	CDD:306555	22.029	345	199	13	13	289	98	440	5.16e-019	73.9
fig|1773.226.peg.4399|IU13_21955	CDD:306555	26.484	438	273	15	10	405	2	432	3.36e-071	220
fig|1765.277.peg.2467	CDD:306555	21.189	387	230	13	36	353	44	424	1.74e-028	103
fig|1767.10.peg.2677|CKJ61_13170	CDD:306555	20.672	387	236	16	63	385	48	427	2.89e-017	69.6
fig|1773.225.peg.2448|IU21_02720	CDD:306555	26.178	191	112	3	57	220	243	431	2.16e-026	93.9
fig|1766.6.peg.4137|XA26_41630	CDD:306555	27.442	215	122	5	210	390	216	430	1.60e-028	103
fig|1771.11.peg.1285|MPHLCCUG_01301	CDD:306555	24.282	383	213	15	98	413	87	459	1.04e-029	106
fig|1767.10.peg.766|CKJ61_03825	CDD:306555	19.500	400	253	15	47	383	37	430	5.19e-038	130
fig|1767.10.peg.1510|CKJ61_07495	CDD:306555	23.429	350	198	13	104	388	86	430	2.78e-020	79.2
fig|1766.6.peg.999|XA26_10090	CDD:306555	22.965	344	205	9	35	318	89	432	4.30e-029	103
fig|1772.19.peg.3720|ERS451418_03656	CDD:306555	23.229	353	205	16	93	384	89	436	3.11e-023	87.7
fig|1766.6.peg.4871	CDD:306555	26.599	297	166	10	8	252	136	432	3.55e-040	133
fig|1764.11.peg.2808|BBJ32_13600	CDD:306555	21.378	421	256	16	14	368	17	428	8.95e-035	121
fig|1767.9.peg.1965|CKJ67_09735	CDD:306555	22.481	387	228	15	49	367	49	431	1.29e-024	91.6
fig|1767.10.peg.791|CKJ61_03950	CDD:306555	28.655	171	95	4	241	384	260	430	3.08e-022	85.0
fig|1770.10.peg.190	CDD:306555	25.359	209	125	4	191	368	216	424	1.64e-021	82.3
fig|1772.10.peg.4495	CDD:306555	24.496	347	195	16	102	388	90	429	1.35e-019	76.9
fig|1770.10.peg.3629	CDD:306555	25.635	433	249	17	13	384	11	431	8.04e-048	157
fig|1767.10.peg.1474|CKJ61_07320	CDD:306555	22.276	413	248	15	59	402	48	456	2.71e-040	136
RAH79432	CDD:306555	26.686	341	225	10	186	520	138	459	4.06e-059	190
fig|1766.6.peg.2214|XA26_22270	CDD:306555	23.469	392	227	15	64	385	53	441	1.38e-039	134
EKM77265	CDD:306555	23.937	447	306	14	43	471	5	435	3.00e-055	180
fig|1764.11.peg.3810|BBJ32_18425	CDD:306555	23.833	407	240	15	20	366	35	431	2.50e-033	116
fig|1764.11.peg.4019|BBJ32_19380	CDD:306555	21.883	393	242	16	46	378	49	436	1.35e-026	97.7
fig|1767.10.peg.1180|CKJ61_05850	CDD:306555	22.222	414	228	17	51	384	43	442	2.87e-030	108
fig|1767.9.peg.1714|CKJ67_08510	CDD:306555	21.448	359	203	15	88	380	87	432	1.94e-026	97.3
RAH79284	CDD:306555	21.250	480	331	13	41	499	6	459	1.25e-061	196
fig|1767.9.peg.2338|CKJ67_11560	CDD:306555	23.827	277	159	8	146	385	167	428	9.68e-029	104
fig|1770.10.peg.2127	CDD:306555	21.411	411	244	13	48	389	39	439	2.11e-040	137
EKM78856	CDD:306555	26.205	477	311	13	51	508	7	461	3.00e-073	228
fig|1767.9.peg.3083|CKJ67_15105	CDD:306555	28.770	431	279	13	45	452	34	459	5.11e-061	193
SAM09004	CDD:306555	26.998	463	300	18	42	489	2	441	1.36e-076	236
PYI31699	CDD:306555	24.307	469	313	15	225	663	1	457	8.01e-066	212
fig|1767.9.peg.2157|CKJ67_10675	CDD:306555	22.191	356	210	13	89	380	78	430	1.76e-030	109
fig|1764.11.peg.2061	CDD:306555	19.444	72	53	2	90	157	87	157	1.91e-006	34.2
fig|1764.11.peg.4036|BBJ32_19460	CDD:306555	23.733	375	215	12	95	398	57	431	2.00e-034	120
OAG19381	CDD:306555	23.651	482	304	23	66	519	3	448	4.13e-046	155
ORZ17105	CDD:306555	26.180	466	287	18	44	478	2	441	2.61e-067	211
ORZ04757	CDD:306555	26.846	447	267	11	96	529	40	439	3.14e-082	252
OAG21662	CDD:306555	26.349	482	315	13	35	497	1	461	4.96e-101	299
EKM77717	CDD:306555	35.714	168	105	3	79	245	270	435	7.32e-051	160
RAH85441	CDD:306555	27.848	474	310	12	36	494	5	461	7.05e-066	208
fig|1767.10.peg.1908|CKJ61_09425	CDD:306555	26.838	272	153	10	145	379	166	428	3.20e-029	105
OAG17078	CDD:306555	32.365	482	287	13	31	497	1	458	1.98e-085	260
EKM74729	CDD:306555	25.926	513	292	19	35	534	1	438	1.49e-067	214
SAL98493	CDD:306555	24.486	486	323	12	803	1269	1	461	1.76e-067	222
fig|1764.11.peg.4091|BBJ32_19735	CDD:306555	23.846	390	230	13	30	352	35	424	1.52e-033	117
SAL99656	CDD:306555	29.075	454	288	12	4	441	26	461	1.72e-083	252
EKM77564	CDD:306555	22.931	423	280	15	106	510	67	461	5.37e-066	208
fig|1770.10.peg.1690	CDD:306555	24.814	403	223	14	71	397	44	442	9.33e-033	115
SAM07733	CDD:306555	29.138	429	272	11	88	504	31	439	7.71e-091	274
SAM06979	CDD:306555	25.000	484	310	15	46	504	1	456	3.80e-072	224
KYG44897	CDD:306555	28.631	482	283	18	76	527	4	454	5.52e-057	185
fig|1772.10.peg.6502	CDD:306555	24.731	372	205	16	85	393	87	446	4.73e-030	107
ORZ12764	CDD:306555	27.876	452	290	13	79	507	23	461	3.24e-086	261
ORZ05075	CDD:306555	22.410	473	295	22	72	514	17	447	1.41e-035	125
KYG50139	CDD:306555	28.051	467	298	14	41	496	1	440	6.07e-078	241
ORZ18900	CDD:306555	29.885	435	267	12	118	536	40	452	1.84e-084	258
KYG46072	CDD:306555	28.337	487	303	13	33	499	1	461	1.07e-076	237
fig|1772.10.peg.749	CDD:306555	25.064	391	222	10	45	371	48	431	6.25e-043	143
fig|1772.19.peg.2608|ERS451418_02568	CDD:306555	22.343	367	207	11	102	401	88	443	2.28e-023	88.1
SAM08294	CDD:306555	24.586	362	225	18	234	570	88	426	1.68e-047	160
SAM01588	CDD:306555	29.202	476	305	15	45	506	1	458	1.14e-090	273
fig|1772.10.peg.1150	CDD:306555	25.495	455	295	15	38	459	1	444	3.98e-061	194
KYG42128	CDD:306555	27.333	450	275	13	56	483	22	441	5.08e-069	216
fig|1766.6.peg.833|XA26_08430	CDD:306555	25.843	445	293	14	38	455	27	461	4.18e-067	209
RAH85987	CDD:306555	27.231	437	266	14	76	491	27	432	2.33e-064	204
PSS27759	CDD:306555	27.253	466	321	9	50	503	2	461	2.50e-060	193
fig|1764.11.peg.44|BBJ32_00215	CDD:306555	23.631	347	200	14	91	377	87	428	4.37e-034	119
PYI31176	CDD:306555	24.841	471	296	19	44	488	6	444	1.70e-066	209
PYI36185	CDD:306555	24.263	441	319	11	81	514	1	433	1.47e-068	216
fig|1770.10.peg.4057	CDD:306555	21.067	375	228	14	2	312	87	457	2.65e-025	92.3
SAL94932	CDD:306555	24.342	456	313	18	14	457	6	441	7.84e-058	185
KYG42037	CDD:306555	24.476	429	290	14	65	480	28	435	8.29e-075	231
EKM79541	CDD:306555	24.748	497	298	17	32	517	2	433	1.68e-059	192
ORY99476	CDD:306555	29.673	428	268	10	97	511	46	453	2.26e-093	280
fig|1772.19.peg.1832|ERS451418_01808	CDD:306555	20.367	491	265	26	35	443	8	454	1.11e-016	68.1
SAM08654	CDD:306555	27.635	427	274	11	74	477	22	436	5.68e-081	247
KXL46836	CDD:306555	36.872	179	99	5	7	183	292	458	1.27e-043	139
fig|1766.6.peg.3643|XA26_36640	CDD:306555	23.575	386	231	16	45	370	49	430	9.78e-043	143
OAG23379	CDD:306555	24.473	474	315	14	39	503	5	444	1.37e-063	202
KYG45217	CDD:306555	23.319	476	307	19	44	499	2	439	3.75e-057	185
PSS18861	CDD:306555	27.015	459	289	12	30	466	1	435	6.34e-082	251
SAL98222	CDD:306555	29.176	449	278	17	89	514	2	433	1.05e-102	320
fig|1767.10.peg.91|CKJ61_00455	CDD:306555	22.006	359	210	18	80	375	88	439	3.09e-029	105
fig|1772.19.peg.2085|ERS451418_02055	CDD:306555	20.305	394	240	11	41	369	48	432	2.86e-035	122
OAG13248	CDD:306555	27.629	485	308	15	31	496	1	461	8.60e-070	219
fig|1767.10.peg.708|CKJ61_03545	CDD:306555	26.110	383	220	12	42	363	48	428	1.25e-032	115
KYG40613	CDD:306555	25.490	357	240	8	30	377	99	438	5.03e-065	202
ORZ06033	CDD:306555	31.490	416	246	13	84	482	46	439	1.28e-085	259
fig|1771.11.peg.4450|MPHLCCUG_04483	CDD:306555	27.477	444	287	12	22	437	3	439	1.69e-073	226
fig|1772.10.peg.3073	CDD:306555	24.194	434	249	15	2	366	20	442	9.94e-054	173
PYI32072	CDD:306555	25.424	472	321	16	81	537	2	457	2.84e-067	213
KYG50123	CDD:306555	28.395	486	305	12	25	493	2	461	1.24e-071	224
KYG43039	CDD:306555	27.879	165	111	5	1	164	200	357	6.97e-026	89.6
KYG48786	CDD:306555	25.575	391	234	14	103	471	77	432	1.14e-041	142
RAH76966	CDD:306555	20.413	436	263	16	63	452	27	424	3.01e-032	115
KYG44934	CDD:306555	22.851	442	293	9	64	482	28	444	8.44e-069	215
KYG46240	CDD:306555	23.909	481	326	17	45	514	6	457	3.98e-063	201
RAH78566	CDD:306555	28.721	477	273	22	44	489	2	442	8.07e-069	215
PWN86825	CDD:306555	24.946	461	284	17	46	486	1	419	1.14e-050	167
fig|1767.9.peg.1006|CKJ67_05040	CDD:306555	26.478	423	267	12	1	385	26	442	7.20e-077	233
KYG44351	CDD:306555	25.499	451	279	15	54	480	18	435	5.14e-057	184
KYG44645	CDD:306555	25.000	128	65	9	201	302	289	411	1.50e-010	47.7
KYG50242	CDD:306555	23.543	429	267	15	98	494	28	427	1.18e-041	143
EKM77631	CDD:306555	25.833	480	312	13	29	486	1	458	6.08e-076	235
KYG41276	CDD:306555	18.862	334	206	14	152	455	125	423	3.83e-021	82.3
PYI32548	CDD:306555	29.146	199	117	6	315	507	272	452	6.42e-029	106
EKM78269	CDD:306555	39.241	79	48	0	1	79	288	366	1.43e-026	87.7
PYI33000	CDD:306555	19.847	131	82	6	961	1072	329	455	1.60e-006	37.6
PYI35222	CDD:306555	37.436	195	113	6	2	189	266	458	1.96e-053	165
EKM75106	CDD:306555	28.936	470	264	18	110	556	28	450	2.32e-064	205
KXL49674	CDD:306555	21.315	502	320	20	58	545	1	441	6.39e-045	153
PYI33372	CDD:306555	23.697	422	280	15	79	476	26	429	6.88e-038	132
RAH75770	CDD:306555	28.051	467	300	14	39	487	1	449	1.41e-077	239
OAG14804	CDD:306555	25.205	488	317	15	52	521	1	458	2.92e-069	217
PSS27034	CDD:306555	27.716	451	270	21	75	492	30	457	1.54e-062	199
EKM77450	CDD:306555	23.669	507	319	18	44	534	5	459	5.39e-078	241
EKM83206	CDD:306555	24.396	455	286	18	39	463	28	454	1.79e-035	124
KYG47263	CDD:306555	25.761	427	288	8	76	485	28	442	6.93e-077	237
PYI36822	CDD:306555	26.907	472	292	15	31	462	1	459	2.61e-067	211
RAH84419	CDD:306555	23.843	281	185	13	249	522	203	461	3.59e-025	94.7
RAH83628	CDD:306555	21.593	477	310	16	49	505	13	445	3.56e-050	166
PYI31354	CDD:306555	27.378	431	285	15	39	452	9	428	9.17e-065	205
SAM07738	CDD:306555	28.361	476	313	12	190	652	1	461	1.78e-089	274
RAH84595	CDD:306555	26.293	464	291	13	61	499	14	451	5.19e-052	171
SAM02647	CDD:306555	27.005	374	239	15	129	486	101	456	1.04e-058	188
OAG13581	CDD:306555	28.326	466	297	13	28	465	1	457	1.44e-068	215
PYI28906	CDD:306555	24.672	458	279	16	133	564	23	440	6.79e-058	188
KYG46162	CDD:306555	24.473	474	312	12	39	484	1	456	1.24e-067	212
PYI35372	CDD:306555	20.588	544	274	21	68	573	15	438	8.58e-039	135
PYI35353	CDD:306555	22.366	465	317	13	32	475	1	442	1.31e-051	169
RAH79186	CDD:306555	22.936	436	274	18	70	465	16	429	1.97e-040	138
PYI34497	CDD:306555	22.391	460	305	16	72	506	19	451	7.86e-052	170
PYI31075	CDD:306555	22.727	484	309	17	35	497	2	441	2.08e-040	139
PYI31587	CDD:306555	26.316	171	104	7	346	507	282	439	1.61e-019	77.3
RAH80287	CDD:306555	38.272	81	36	4	12	88	342	412	2.27e-018	74.6
PYI31643	CDD:306555	24.390	410	268	15	129	524	79	460	2.44e-046	156
RAH79881	CDD:306555	22.343	461	286	18	94	524	15	433	9.85e-044	148
PYI36989	CDD:306555	21.700	447	313	15	140	564	28	459	5.53e-033	118
PYI35924	CDD:306555	26.850	473	303	21	6	453	2	456	2.24e-053	173
PYI30108	CDD:306555	23.480	477	307	14	44	505	2	435	3.63e-066	209
RAH81743	CDD:306555	23.729	472	323	16	36	491	2	452	2.24e-068	214
RAH79941	CDD:306555	24.779	226	142	11	322	544	259	459	7.66e-023	87.7
RAH78449	CDD:306555	18.406	527	315	20	855	1347	4	449	3.68e-029	109
PYI35795	CDD:306555	24.694	490	291	23	44	503	1	442	1.82e-052	172
PYI36688	CDD:306555	25.282	443	282	16	57	478	13	427	6.30e-051	168
ORZ05055	CDD:306555	23.404	517	328	17	34	539	1	460	1.06e-060	195
KYG43148	CDD:306555	25.745	470	283	17	101	551	37	459	3.63e-083	254
KYG43984	CDD:306555	23.556	450	284	15	13	422	1	430	1.02e-062	198
KYG47811	CDD:306555	21.652	448	243	18	1	363	29	453	1.95e-030	108
RAH84603	CDD:306555	23.195	457	306	14	30	462	1	436	2.04e-058	187
RAH80155	CDD:306555	26.254	339	222	15	5	332	113	434	1.85e-040	135
PYI30914	CDD:306555	18.987	316	225	11	52	345	9	315	4.99e-015	62.3
EKM83185	CDD:306555	24.276	449	294	15	80	505	36	461	1.10e-039	137
fig|1767.10.peg.2155|CKJ61_10635	CDD:306555	28.402	338	179	13	106	384	91	424	7.38e-031	110
RAH75772	CDD:306555	28.279	488	297	15	33	498	1	457	9.38e-082	250
EKM79525	CDD:306555	26.397	519	322	16	35	551	1	461	2.14e-071	224
RAH82005	CDD:306555	28.195	493	290	14	34	498	1	457	8.87e-081	247
RAH82426	CDD:306555	22.798	386	234	15	156	514	102	450	2.09e-036	128
RAH79333	CDD:306555	25.325	462	309	14	56	508	1	435	1.38e-078	242
PYI29003	CDD:306555	24.138	290	178	12	205	484	179	436	4.10e-027	100
PYI28952	CDD:306555	25.826	484	306	14	56	513	5	461	1.10e-079	244
PYI35073	CDD:306555	24.078	461	290	13	37	459	23	461	7.95e-061	193
PYI32539	CDD:306555	23.793	290	183	13	247	522	196	461	9.63e-032	114
RAH85450	CDD:306555	24.379	443	269	21	63	475	7	413	8.84e-046	154
PYI33404	CDD:306555	23.778	450	307	11	50	475	24	461	2.29e-061	195
PYI33825	CDD:306555	23.516	455	290	15	24	441	2	435	3.32e-042	143
KYG43809	CDD:306555	24.419	430	247	19	65	448	30	427	2.86e-042	143
KYG48692	CDD:306555	23.725	451	286	17	37	462	3	420	4.37e-044	148
KYG42455	CDD:306555	24.074	486	285	15	33	469	2	452	7.00e-047	157
KYG45365	CDD:306555	26.585	410	231	17	134	508	83	457	2.74e-055	180
EKM82076	CDD:306555	24.896	482	313	10	33	489	1	458	6.61e-076	234
EKM78213	CDD:306555	26.269	453	303	12	37	475	5	440	2.40e-067	212
KXL49142	CDD:306555	32.759	174	106	5	165	337	269	432	2.18e-029	105
KXL51043	CDD:306555	19.262	488	303	27	32	480	1	436	1.92e-027	101
fig|1772.19.peg.596|ERS451418_00593	CDD:306555	21.256	414	255	15	17	361	20	431	1.07e-033	117
SAM02584	CDD:306555	26.931	505	314	14	76	569	1	461	9.43e-094	283
KYG46436	CDD:306555	27.875	287	186	9	223	501	188	461	1.10e-039	137
fig|1767.9.peg.1444|CKJ67_07200	CDD:306555	21.889	434	250	22	20	388	15	424	1.03e-027	101
KYG40697	CDD:306555	25.054	459	280	13	47	474	14	439	1.25e-062	199
SAM08470	CDD:306555	20.614	456	315	14	41	473	2	433	1.06e-041	142
PYI28889	CDD:306555	26.116	448	283	19	53	473	1	427	4.46e-050	166
PYI28844	CDD:306555	25.380	461	300	17	46	484	2	440	2.10e-069	217
RAH79247	CDD:306555	26.959	434	284	14	67	478	19	441	4.47e-082	250
RAH78823	CDD:306555	28.877	187	120	5	233	419	262	435	3.52e-031	111
RAH77722	CDD:306555	18.661	493	291	19	88	551	30	441	5.69e-040	138
KYG44587	CDD:306555	16.258	326	211	12	9	307	92	382	5.06e-009	43.0
RAH80855	CDD:306555	25.229	436	264	19	75	471	19	431	7.97e-045	151
KYG44365	CDD:306555	30.154	325	210	11	7	322	120	436	8.63e-059	195
EKM75454	CDD:306555	27.975	479	295	15	60	526	1	441	1.26e-077	240
KXL43253	CDD:306555	25.397	189	99	8	188	369	281	434	6.40e-019	74.6
EKM80269	CDD:306555	28.448	464	301	15	42	489	10	458	1.32e-058	188
RAH81749	CDD:306555	26.882	465	277	20	23	453	22	457	8.55e-056	180
PYI36550	CDD:306555	30.090	442	238	18	103	514	46	446	1.70e-060	194
PYI32403	CDD:306555	21.899	516	300	25	33	528	2	434	3.52e-034	122
PYI31609	CDD:306555	26.201	458	285	19	30	466	3	428	1.35e-058	188
PYI33524	CDD:306555	28.009	457	260	16	12	443	21	433	2.86e-084	256
PYI33373	CDD:306555	26.500	200	133	6	232	426	252	442	1.17e-024	92.3
PYI33865	CDD:306555	26.802	444	274	18	62	477	12	432	5.69e-062	197
PYI33179	CDD:306555	27.341	267	174	8	230	491	196	447	1.42e-031	113
PYI33751	CDD:306555	23.353	501	287	17	34	505	3	435	7.64e-055	179
PYI35505	CDD:306555	25.000	200	120	6	221	405	256	440	1.81e-016	67.3
PYI34698	CDD:306555	31.875	160	78	9	910	1048	301	450	7.08e-015	64.2
PSS28464	CDD:306555	25.000	448	303	12	44	473	3	435	2.96e-071	222
KYG46886	CDD:306555	23.884	448	299	18	77	501	26	454	2.15e-062	199
KYG41184	CDD:306555	24.550	444	305	13	70	494	28	460	4.44e-066	208
KYG48945	CDD:306555	20.988	486	304	22	40	500	3	433	5.39e-053	174
fig|1766.6.peg.5933|XA26_59680	CDD:306555	29.480	173	95	5	218	363	256	428	2.24e-023	88.1
fig|1767.10.peg.1852|CKJ61_09150	CDD:306555	23.362	351	198	14	83	367	79	424	9.77e-026	95.0
fig|1767.10.peg.1876|CKJ61_09265	CDD:306555	22.955	379	225	16	41	353	47	424	2.68e-033	116
fig|1772.10.peg.4055	CDD:306555	35.938	64	32	2	8	62	361	424	3.11e-014	53.8
RAH76706	CDD:306555	24.648	426	285	11	75	479	31	441	7.26e-054	176
RAH76950	CDD:306555	25.610	410	262	16	51	426	24	424	3.53e-040	137
RAH76349	CDD:306555	27.049	366	244	12	133	493	89	436	7.52e-052	170
RAH79945	CDD:306555	21.766	487	295	19	47	501	2	434	2.72e-052	172
RAH79304	CDD:306555	23.649	444	303	13	92	509	2	435	1.36e-066	210
RAH79071	CDD:306555	25.055	451	285	17	61	483	28	453	3.69e-051	168
KYG45260	CDD:306555	28.448	116	73	2	296	409	328	435	8.17e-019	74.6
KYG42061	CDD:306555	39.216	51	28	2	1	51	365	412	1.75e-016	57.7
KYG49557	CDD:306555	19.008	363	200	17	806	1119	112	429	1.23e-012	57.3
KYG42074	CDD:306555	21.262	428	269	15	36	402	39	459	7.13e-033	115
KYG42326	CDD:306555	22.785	474	269	13	106	565	46	436	1.70e-054	180
KYG48379	CDD:306555	29.570	186	109	5	320	502	261	427	1.88e-035	125
KYG45555	CDD:306555	21.720	465	256	19	19	398	4	445	4.49e-038	131
KYG43808	CDD:306555	31.373	51	27	1	242	284	368	418	4.19e-008	40.0
KYG48219	CDD:306555	25.513	439	296	14	64	482	26	453	1.16e-077	238
KYG44224	CDD:306555	25.000	68	51	0	95	162	242	309	3.14e-008	38.4
PYI31038	CDD:306555	23.060	451	296	16	62	492	20	439	9.74e-053	173
PYI33103	CDD:306555	23.718	468	299	14	44	486	5	439	2.09e-062	199
PYI31885	CDD:306555	20.367	491	307	20	60	528	6	434	2.11e-033	119
fig|1766.6.peg.1226|XA26_12400	CDD:306555	23.797	374	216	14	64	368	57	430	7.72e-030	107
RAH84025	CDD:306555	25.248	404	249	16	28	407	87	461	6.99e-055	176
SAL99920	CDD:306555	29.534	193	121	5	271	452	268	456	6.37e-030	108
PSS23090	CDD:306555	23.799	437	248	16	71	458	27	427	1.85e-047	158
EKM78106	CDD:306555	26.222	450	286	15	29	455	9	435	9.13e-066	207
EKM81315	CDD:306555	26.752	471	296	15	101	558	22	456	1.68e-070	222
KYG50211	CDD:306555	21.224	245	160	10	2	228	138	367	3.00e-013	55.4
PYI36978	CDD:306555	27.607	489	303	20	33	500	1	459	3.52e-077	238
KYG47455	CDD:306555	23.673	452	299	13	95	515	4	440	3.33e-064	204
KYG41641	CDD:306555	23.941	472	295	14	39	478	6	445	8.34e-067	210
OAG24292	CDD:306555	26.569	478	312	11	51	512	1	455	5.14e-082	251
KYG43404	CDD:306555	29.327	208	134	5	301	507	247	442	2.59e-039	136
KYG49974	CDD:306555	19.085	503	290	27	65	532	1	421	2.40e-013	58.1
RAH83825	CDD:306555	22.222	468	328	16	35	486	1	448	1.01e-046	156
RAH84983	CDD:306555	29.032	186	119	7	339	519	282	459	4.74e-027	100
RAH84982	CDD:306555	21.398	472	310	15	77	531	15	442	5.78e-042	144
RAH76931	CDD:306555	19.956	456	323	16	49	478	17	456	2.95e-043	146
KYG42673	CDD:306555	21.092	403	274	11	44	432	3	375	9.33e-041	138
KYG42693	CDD:306555	25.212	472	308	13	40	501	14	450	6.73e-062	197
RAH78614	CDD:306555	25.056	447	278	20	69	489	19	434	2.80e-048	160
RAH78790	CDD:306555	23.765	425	280	11	85	483	31	437	8.19e-045	151
RAH77176	CDD:306555	24.942	433	278	13	52	451	9	427	7.32e-056	180
PYI31056	CDD:306555	28.341	434	254	18	72	478	29	432	6.79e-058	187
PYI35150	CDD:306555	24.658	511	282	20	34	518	1	434	7.38e-045	152
PYI35335	CDD:306555	34.437	151	84	7	1	146	288	428	1.20e-028	96.2
PYI32696	CDD:306555	36.047	86	53	1	195	280	360	443	1.03e-016	66.5
PYI33260	CDD:306555	29.762	252	143	12	214	458	218	442	4.41e-030	109
PYI33443	CDD:306555	25.439	114	59	6	286	382	325	429	7.72e-011	49.6
PYI33243	CDD:306555	27.333	450	287	14	64	498	29	453	7.02e-079	242
PYI28954	CDD:306555	23.317	416	287	10	72	463	25	432	1.90e-063	201
PYI29008	CDD:306555	28.475	446	292	17	8	437	2	436	2.52e-079	254
PYI28700	CDD:306555	27.629	485	295	18	39	506	9	454	9.46e-060	192
ORZ13645	CDD:306555	29.646	452	286	12	18	461	34	461	8.67e-089	266
OAG18162	CDD:306555	25.785	446	300	12	63	493	28	457	8.56e-068	213
fig|1767.10.peg.1790|CKJ61_08845	CDD:306555	18.863	387	241	13	52	376	58	433	3.11e-024	90.8
KYG48852	CDD:306555	26.652	454	302	16	60	498	24	461	4.75e-070	219
EKM84417	CDD:306555	25.651	499	316	12	49	538	9	461	1.87e-085	261
PYI25695	CDD:306555	26.078	464	310	13	33	472	1	455	1.00e-080	247
PYI25988	CDD:306555	26.810	373	242	9	125	479	86	445	1.01e-070	220
KYG47951	CDD:306555	23.414	457	272	17	74	497	21	432	4.51e-051	168
KYG47179	CDD:306555	23.980	196	121	8	191	384	283	452	6.78e-024	89.6
fig|1772.10.peg.1984	CDD:306555	18.182	99	75	3	144	241	48	141	6.69e-009	42.3
PWN87633	CDD:306555	33.684	95	47	4	889	973	327	415	3.58e-013	58.8
KYG46671	CDD:306555	26.126	444	301	14	14	439	2	436	6.71e-060	199
PYI27846	CDD:306555	22.323	439	297	14	25	449	30	438	3.01e-037	129
KYG45261	CDD:306555	22.424	330	220	11	180	492	140	450	2.74e-022	85.8
PYI27674	CDD:306555	29.291	437	253	18	60	459	26	443	3.89e-065	205
fig|1771.11.peg.5035|MPHLCCUG_05077	CDD:306555	25.000	400	228	15	34	367	31	424	4.66e-043	143
PSS27089	CDD:306555	15.458	524	329	22	107	597	8	450	3.27e-014	61.1
OAG19148	CDD:306555	21.495	428	310	11	59	470	26	443	9.11e-047	156
OAG14521	CDD:306555	33.121	157	89	7	292	445	292	435	4.06e-033	118
PSS22158	CDD:306555	21.818	495	313	18	23	480	3	460	5.34e-060	192
PSS23091	CDD:306555	24.122	427	266	17	22	405	21	432	2.81e-055	177
PSS18528	CDD:306555	25.205	488	292	22	39	508	1	433	2.81e-061	196
PSS18510	CDD:306555	31.250	176	106	5	241	416	278	438	5.52e-033	116
PSS18566	CDD:306555	26.969	419	279	14	29	431	26	433	1.51e-073	238
PSS20710	CDD:306555	22.756	479	326	16	60	518	7	461	2.75e-080	246
OAG18999	CDD:306555	26.176	489	305	17	44	510	7	461	3.54e-065	207
OAG25781	CDD:306555	24.619	459	309	12	52	494	3	440	1.45e-053	175
OAG17126	CDD:306555	33.333	384	211	12	1	364	83	441	6.77e-076	230
fig|1766.6.peg.1988|XA26_20020	CDD:306555	23.483	379	209	14	90	394	90	461	2.83e-038	130
fig|1766.6.peg.1782|XA26_18010	CDD:306555	26.797	459	306	12	19	456	1	450	1.35e-084	255
OAG15816	CDD:306555	24.528	477	314	14	54	501	2	461	1.00e-067	212
fig|1771.11.peg.2673|MPHLCCUG_02694	CDD:306555	22.286	350	207	7	85	371	84	431	1.44e-035	123
OAG15675	CDD:306555	23.747	379	256	10	117	490	91	441	2.58e-048	161
OAG15741	CDD:306555	23.431	478	285	17	33	471	1	436	2.18e-043	147
OAG25653	CDD:306555	24.668	377	269	7	8	376	87	456	3.60e-062	194
EKM82283	CDD:306555	27.197	478	302	13	30	481	1	458	1.07e-078	241
fig|1767.10.peg.1721|CKJ61_08510	CDD:306555	20.802	399	237	19	57	390	49	433	3.82e-022	84.6
EKM83173	CDD:306555	24.748	497	295	22	48	506	1	456	1.78e-065	207
RAH85190	CDD:306555	22.697	445	309	17	67	492	28	456	4.46e-046	154
RAH81740	CDD:306555	22.863	468	297	21	52	484	4	442	5.00e-030	109
EKM77775	CDD:306555	27.500	440	287	12	39	462	5	428	7.26e-074	228
RAH77615	CDD:306555	31.606	193	124	5	15	206	257	442	8.31e-045	143
RAH77597	CDD:306555	33.333	66	40	2	6	67	369	434	3.90e-014	53.1
EKM76853	CDD:306555	24.066	482	305	15	42	502	9	450	1.59e-057	186
PYI26789	CDD:306555	23.218	435	301	11	105	513	13	440	6.64e-043	146
PYI29766	CDD:306555	19.643	112	63	3	350	455	300	390	3.33e-007	38.4
PSS25378	CDD:306555	25.448	279	183	7	164	418	158	435	6.27e-026	96.6
PYI26853	CDD:306555	25.000	508	303	18	19	497	3	461	2.92e-065	206
OAG16165	CDD:306555	21.990	382	252	21	140	502	107	461	9.61e-017	68.5
OAG14535	CDD:306555	27.869	427	271	14	76	481	29	439	2.69e-079	243
OAG15283	CDD:306555	23.318	446	305	11	50	467	7	443	3.08e-065	205
PSS12921	CDD:306555	24.262	474	310	16	66	522	12	453	9.78e-054	176
PWN91856	CDD:306555	28.099	363	224	10	195	537	92	437	9.63e-068	214
PSS12811	CDD:306555	35.385	195	113	3	287	481	261	442	5.59e-045	151
PSS15307	CDD:306555	22.989	435	292	15	63	482	29	435	8.61e-057	184
EKM75591	CDD:306555	28.721	477	298	19	29	489	1	451	2.29e-070	220
RAH83139	CDD:306555	22.197	446	298	18	72	495	24	442	2.19e-057	186
OAG22661	CDD:306555	26.261	476	305	14	42	487	2	461	1.03e-074	231
OAG23552	CDD:306555	22.637	455	297	18	73	507	31	450	3.08e-048	160
OAG22578	CDD:306555	22.545	275	169	8	259	529	219	453	3.24e-025	95.0
EKM79785	CDD:306555	21.564	473	297	21	42	472	3	443	2.64e-033	118
OAG20775	CDD:306555	20.000	345	214	12	160	467	137	456	6.63e-033	116
EKM84406	CDD:306555	26.884	491	305	12	39	514	1	452	4.03e-084	257
OAG19781	CDD:306555	24.138	87	44	4	461	540	318	389	6.52e-007	38.0
KXL46846	CDD:306555	25.890	309	204	11	1	290	26	328	2.95e-031	108
OAG21091	CDD:306555	18.919	407	260	19	150	527	96	461	4.66e-021	82.3
EKM78073	CDD:306555	24.160	476	302	15	69	528	6	438	5.68e-065	206
OAG22236	CDD:306555	24.628	471	294	19	51	489	4	445	7.98e-049	162
EKM76481	CDD:306555	22.034	59	37	2	116	173	27	77	5.68e-006	33.0
EKM81055	CDD:306555	25.227	440	269	14	1	418	37	438	1.91e-067	210
PYI33457	CDD:306555	26.383	470	298	14	37	481	1	447	1.91e-062	199
PYI32004	CDD:306555	25.108	462	299	15	36	474	2	439	2.04e-061	197
PYI35377	CDD:306555	24.681	470	307	14	60	502	7	456	1.84e-072	225
PYI36088	CDD:306555	21.681	452	310	12	29	454	2	435	3.80e-040	137
RAH85193	CDD:306555	23.203	487	320	16	34	494	2	460	3.08e-051	168
ORZ24374	CDD:306555	28.153	444	233	15	33	415	40	458	1.00e-075	231
PSS12218	CDD:306555	29.019	479	302	16	42	503	1	458	5.47e-088	267
PYI27887	CDD:306555	18.736	443	310	17	64	479	31	450	2.04e-041	141
PYI29082	CDD:306555	19.118	476	304	24	13	444	1	439	5.21e-023	87.7
fig|1767.10.peg.2351|CKJ61_11605	CDD:306555	18.222	450	273	20	86	455	25	459	1.18e-021	83.5
RAH78355	CDD:306555	29.365	126	49	6	35	131	325	439	3.11e-011	46.5
fig|1767.10.peg.2369|CKJ61_11690	CDD:306555	25.688	436	286	14	61	461	6	438	3.80e-058	187
RAH78814	CDD:306555	26.509	464	311	12	43	492	10	457	1.14e-064	205
OAG22003	CDD:306555	22.588	456	295	18	85	498	1	440	3.19e-046	155
OAG23478	CDD:306555	24.249	433	284	12	50	459	2	413	2.47e-055	180
OAG24605	CDD:306555	23.909	481	315	18	38	493	2	456	2.78e-057	185
OAG24492	CDD:306555	25.115	434	251	19	96	497	41	432	2.54e-053	175
OAG24264	CDD:306555	29.519	437	270	16	121	530	23	448	1.72e-069	218
PWN88657	CDD:306555	22.824	517	321	18	39	533	1	461	3.67e-075	233
OAG22248	CDD:306555	26.207	435	271	15	74	486	24	430	1.47e-056	183
PWN86770	CDD:306555	24.795	488	292	20	43	486	2	458	2.75e-053	174
PWN87228	CDD:306555	24.646	495	322	19	47	524	1	461	3.10e-052	172
PWN86908	CDD:306555	27.071	495	299	18	33	515	1	445	2.89e-059	191
OAG20589	CDD:306555	22.807	456	306	18	38	473	6	435	1.19e-047	158
EKM78384	CDD:306555	30.258	466	281	12	2	445	1	444	6.57e-083	252
EKM76083	CDD:306555	24.899	494	307	15	34	520	2	438	2.94e-064	205
OAG24906	CDD:306555	24.667	450	293	18	69	493	25	453	4.93e-054	176
EKM79809	CDD:306555	23.493	481	317	13	40	499	1	451	3.73e-062	198
EKM81762	CDD:306555	16.905	349	201	15	664	970	114	415	7.42e-012	54.6
EKM80951	CDD:306555	26.277	274	181	8	116	382	195	454	3.77e-035	122
PSS27090	CDD:306555	23.222	478	301	17	47	503	4	436	1.07e-050	168
ORZ18902	CDD:306555	28.750	480	300	14	60	527	3	452	1.55e-087	266
OAG14592	CDD:306555	22.917	432	312	10	61	480	18	440	9.30e-050	164
PSS23408	CDD:306555	27.208	283	185	10	221	502	197	459	2.19e-031	113
PSS28335	CDD:306555	24.057	424	298	12	94	504	25	437	3.39e-059	190
PSS25382	CDD:306555	25.143	175	117	6	275	447	277	439	7.68e-022	84.3
PWN91692	CDD:306555	30.620	258	121	8	440	687	226	435	2.65e-044	152
OAG20712	CDD:306555	23.913	138	56	7	891	1011	314	419	2.07e-007	40.3
OAG16961	CDD:306555	20.293	478	300	22	44	477	1	441	8.07e-022	84.3
OAG16983	CDD:306555	23.517	472	287	15	79	532	27	442	1.14e-051	171
OAG17035	CDD:306555	23.736	455	301	16	63	489	16	452	3.17e-054	177
OAG19996	CDD:306555	23.409	440	304	10	57	478	19	443	2.33e-074	230
PWN93694	CDD:306555	25.941	478	302	15	62	523	13	454	1.25e-086	263
PWN88004	CDD:306555	26.389	504	317	17	46	542	1	457	2.04e-085	261
PWN90601	CDD:306555	25.692	506	317	17	47	539	2	461	4.00e-080	246
PWN91053	CDD:306555	33.333	42	20	2	96	137	398	431	3.91e-006	34.6
PWN89774	CDD:306555	23.238	525	317	20	47	557	2	454	4.45e-052	176
PWN89744	CDD:306555	28.807	243	140	9	193	427	233	450	1.10e-042	144
SAM04475	CDD:306555	21.542	441	243	17	78	420	3	438	1.17e-023	89.6
PWN86534	CDD:306555	25.408	429	281	19	134	539	26	438	4.19e-057	186
EKM77261	CDD:306555	25.112	446	284	12	115	551	51	455	1.85e-070	228
fig|1771.11.peg.3396|MPHLCCUG_03421	CDD:306555	21.608	398	228	12	68	392	44	430	8.92e-026	95.4
EKM77673	CDD:306555	20.670	179	107	12	836	999	217	375	3.66e-006	36.5
ORZ15040	CDD:306555	21.795	312	189	18	169	464	170	442	4.82e-017	69.2
SAL99054	CDD:306555	22.535	284	167	16	1	246	176	444	6.25e-017	66.5
OAG18194	CDD:306555	24.845	483	290	19	40	498	2	435	5.67e-049	163
OAG19195	CDD:306555	28.795	448	294	15	59	499	30	459	1.17e-054	178
OAG15908	CDD:306555	24.520	469	294	16	38	482	1	433	2.47e-057	185
OAG16791	CDD:306555	21.971	487	338	17	29	499	1	461	2.83e-054	177
OAG16747	CDD:306555	31.518	257	151	10	220	465	196	438	1.79e-036	127
OAG16731	CDD:306555	23.861	461	289	15	56	478	2	438	2.23e-053	174
OAG16733	CDD:306555	22.148	447	311	16	34	458	12	443	1.86e-063	200
OAG23205	CDD:306555	24.781	456	297	17	57	490	8	439	5.25e-057	184
OAG20494	CDD:306555	23.973	438	306	10	63	480	25	455	4.33e-069	215
OAG21755	CDD:306555	23.973	438	303	11	59	486	25	442	1.33e-057	186
PSS23422	CDD:306555	26.869	428	280	13	53	468	21	427	1.77e-050	167
PSS16940	CDD:306555	25.591	465	282	21	48	484	4	432	1.16e-053	175
OAG13649	CDD:306555	26.216	473	289	15	45	493	6	442	1.78e-064	204
PSS25377	CDD:306555	23.490	298	191	13	219	487	146	435	5.09e-025	94.3
PSS22721	CDD:306555	26.915	483	313	15	34	498	1	461	1.03e-070	222
PSS28479	CDD:306555	26.957	460	304	16	37	481	2	444	8.94e-077	236
PWN86887	CDD:306555	25.149	505	304	19	40	522	9	461	1.46e-049	164
EKM75480	CDD:306555	28.027	446	276	13	31	449	1	428	4.16e-075	232
EKM75602	CDD:306555	23.918	485	322	17	32	497	1	457	1.39e-062	199
EKM74751	CDD:306555	29.412	459	300	11	49	488	8	461	6.28e-080	244
EKM76890	CDD:306555	26.503	449	305	12	3	440	19	453	8.41e-069	214
OAG25474	CDD:306555	25.169	445	278	13	52	469	18	434	2.74e-067	212
OAG25518	CDD:306555	23.142	471	273	22	40	455	3	439	6.82e-033	117
OAG24973	CDD:306555	28.926	121	63	5	983	1090	339	449	4.93e-013	58.4
OAG25903	CDD:306555	22.246	463	322	17	38	478	2	448	1.14e-049	170
EKM77487	CDD:306555	24.146	410	261	16	7	392	43	426	2.25e-059	189
EKM81541	CDD:306555	31.295	278	168	8	5	265	178	449	1.70e-056	177
EKM83197	CDD:306555	21.456	261	182	7	135	384	141	389	1.25e-023	88.9
EKM76198	CDD:306555	27.500	480	301	17	31	485	1	458	4.73e-074	229
EKM76640	CDD:306555	28.542	487	259	15	102	557	17	445	8.27e-078	241
OAG25352	CDD:306555	24.944	449	308	9	24	453	5	443	2.78e-051	168
EKM74893	CDD:306555	23.158	475	296	17	109	566	22	444	2.28e-055	182
EKM82318	CDD:306555	32.566	304	183	7	2	294	167	459	2.75e-063	195
EKM81552	CDD:306555	22.198	455	264	15	63	469	24	436	1.13e-044	150
EKM83152	CDD:306555	28.283	495	303	22	40	522	2	456	3.48e-067	212
EKM83397	CDD:306555	29.915	468	285	18	42	485	10	458	3.17e-069	216
EKM79739	CDD:306555	26.894	264	176	7	143	401	197	448	4.90e-033	116
EKM77557	CDD:306555	22.912	467	329	16	45	498	9	457	2.09e-059	191
OAG15189	CDD:306555	24.444	270	179	7	236	494	191	446	8.62e-036	125
OAG15817	CDD:306555	23.013	478	293	19	45	496	4	432	1.70e-054	178
OAG24835	CDD:306555	22.940	449	294	17	46	465	16	441	2.95e-061	195
OAG19538	CDD:306555	33.036	112	57	7	300	402	323	425	4.73e-012	53.4
OAG22084	CDD:306555	27.593	482	294	18	15	476	12	458	3.28e-073	227
SAL99978	CDD:306555	32.727	385	216	10	141	505	78	439	1.17e-085	260
PWN92862	CDD:306555	20.000	415	253	17	80	460	65	434	2.31e-027	101
ORZ18901	CDD:306555	30.287	383	223	12	3	377	90	436	1.81e-073	224
PWN92563	CDD:306555	27.027	444	295	14	34	460	1	432	3.17e-083	252
PWN91412	CDD:306555	26.047	215	119	10	312	507	255	448	1.59e-023	89.6
PWN91939	CDD:306555	21.622	518	322	16	33	543	14	454	3.38e-067	212
PSS10602	CDD:306555	31.176	170	99	6	324	492	280	432	3.96e-036	127
PSS13333	CDD:306555	26.450	431	281	14	90	497	26	443	8.63e-051	167
PWN91471	CDD:306555	19.258	431	273	19	97	493	53	442	3.12e-015	63.8
PWN89279	CDD:306555	25.562	489	283	21	61	525	3	434	8.81e-067	212
PWN89023	CDD:306555	27.040	429	279	15	122	530	24	438	3.93e-062	199
PWN90776	CDD:306555	20.796	452	295	20	151	575	23	438	5.05e-027	100
PSS12790	CDD:306555	25.160	469	306	15	38	495	4	438	2.46e-082	251
PYI30301	CDD:306555	28.066	424	259	16	64	459	27	432	7.18e-056	180
PYI29079	CDD:306555	25.651	499	292	21	33	518	1	433	1.94e-049	165
PYI29866	CDD:306555	32.609	184	112	5	3	186	264	435	1.74e-041	134
PYI25535	CDD:306555	28.244	131	81	6	229	350	230	356	1.32e-014	60.8
PYI26852	CDD:306555	27.404	208	134	6	274	476	261	456	5.97e-031	111
PYI26856	CDD:306555	23.556	450	289	17	57	481	16	435	6.29e-045	151
PYI26854	CDD:306555	25.111	450	300	12	98	519	2	442	1.01e-071	224
PYI35223	CDD:306555	36.765	68	42	1	1	67	3	70	3.42e-017	60.4
PSS06679	CDD:306555	26.923	442	271	18	50	472	24	432	8.11e-059	189
OAG13648	CDD:306555	20.862	441	273	16	61	447	25	443	9.01e-037	128
SAL97997	CDD:306555	22.986	422	228	15	45	399	4	395	2.78e-049	162
PSS06706	CDD:306555	24.590	122	69	6	1024	1132	339	450	2.16e-007	40.3
PSS06910	CDD:306555	23.176	466	308	16	65	505	17	457	2.74e-055	180
RAH75757	CDD:306555	23.529	289	193	9	148	426	191	461	5.38e-030	108
PYI31594	CDD:306555	34.831	89	48	3	137	223	377	457	1.36e-016	65.4
PYI31594	CDD:306555	26.882	93	65	2	43	132	10	102	6.03e-011	48.4
PWN93558	CDD:306555	27.027	444	288	12	35	458	1	428	2.06e-075	233
fig|1766.6.peg.785|XA26_07930	CDD:306555	25.369	339	187	12	73	345	87	425	2.20e-023	87.7
EKM80914	CDD:306555	24.499	449	263	17	86	519	51	438	1.96e-061	197
PWN87211	CDD:306555	27.394	449	269	17	117	539	26	443	8.15e-063	201
PWN89504	CDD:306555	26.608	451	288	18	10	435	1	433	6.18e-057	191
PWN89099	CDD:306555	24.094	469	293	16	147	610	43	453	1.78e-063	204
EKM83625	CDD:306555	25.424	413	252	17	112	487	48	441	5.42e-053	173
PWN90662	CDD:306555	21.258	461	283	21	99	503	2	438	2.17e-024	92.3
PWN86514	CDD:306555	23.776	429	305	10	73	492	24	439	5.15e-051	168
PWN87225	CDD:306555	28.631	482	299	14	40	498	2	461	6.39e-065	206
fig|1771.11.peg.4159|MPHLCCUG_04192	CDD:306555	21.965	346	204	14	89	370	87	430	3.69e-026	96.6
PWN93697	CDD:306555	26.172	512	300	21	53	541	5	461	7.17e-065	206
EKM83626	CDD:306555	25.880	483	306	22	39	499	2	454	1.43e-069	218
EKM83194	CDD:306555	22.327	318	218	9	180	486	145	444	5.71e-038	132
EKM83228	CDD:306555	31.343	67	35	4	244	308	329	386	1.13e-007	39.2
PSS10965	CDD:306555	23.928	443	312	10	116	537	2	440	2.78e-056	184
PSS10628	CDD:306555	18.316	475	304	24	76	525	4	419	2.73e-022	86.2
PSS13208	CDD:306555	26.522	230	135	6	295	524	247	442	9.01e-036	126
PYI30059	CDD:306555	29.176	449	286	15	14	441	2	439	4.86e-086	272
PYI26859	CDD:306555	23.160	462	310	15	34	477	3	437	2.67e-058	187
PYI26716	CDD:306555	23.758	463	314	15	2	447	8	448	1.36e-076	234
PYI35304	CDD:306555	24.471	425	241	17	86	464	49	439	1.75e-039	136
RAH86335	CDD:306555	26.949	449	286	12	33	460	1	428	2.66e-064	204
fig|1767.10.peg.1739|CKJ61_08595	CDD:306555	27.807	187	106	6	211	369	244	429	5.81e-023	86.9
fig|1767.10.peg.1738|CKJ61_08590	CDD:306555	19.531	384	233	13	78	390	50	428	1.38e-024	92.0
fig|1766.6.peg.4639|XA26_46660	CDD:306555	29.012	162	84	7	236	368	269	428	4.15e-023	87.3
OAG22826	CDD:306555	21.795	468	298	16	59	498	23	450	1.07e-056	184
OAG18640	CDD:306555	26.126	444	280	11	93	499	2	434	2.13e-058	189
OAG21222	CDD:306555	20.435	460	306	18	90	531	43	460	5.90e-044	149
OAG20474	CDD:306555	26.411	443	299	15	12	436	2	435	3.45e-072	234
EKM75583	CDD:306555	26.522	460	320	11	29	478	1	452	9.65e-079	242
EKM77689	CDD:306555	21.634	453	281	12	56	452	6	440	2.66e-050	166
OAG25494	CDD:306555	27.468	466	292	14	66	516	1	435	3.94e-073	228
EKM74730	CDD:306555	26.667	480	298	18	42	513	1	434	8.07e-077	238
PSS28231	CDD:306555	24.634	410	286	7	99	498	48	444	2.25e-073	228
OAG17361	CDD:306555	23.270	477	316	13	55	509	2	450	2.28e-066	209
OAG17358	CDD:306555	23.878	490	318	15	54	528	1	450	6.14e-050	166
OAG13732	CDD:306555	25.205	488	311	18	66	529	1	458	9.96e-085	258
OAG14481	CDD:306555	26.077	441	299	10	53	477	6	435	9.69e-074	229
RAH81023	CDD:306555	24.694	409	269	13	82	481	53	431	1.30e-058	189
RAH80712	CDD:306555	37.500	56	31	3	212	267	384	435	1.15e-009	45.0
OAG20781	CDD:306555	23.529	374	247	11	132	488	102	453	9.65e-031	111
SAL99055	CDD:306555	25.743	101	61	4	53	139	4	104	2.32e-008	39.2
SAM08758	CDD:306555	25.761	427	281	11	65	471	28	438	1.62e-076	235
OAG16136	CDD:306555	27.097	465	294	18	34	481	1	437	6.60e-087	263
OAG15928	CDD:306555	27.295	414	278	9	58	454	25	432	1.19e-069	217
OAG15697	CDD:306555	24.370	476	301	15	65	525	30	461	9.24e-047	157
OAG15196	CDD:306555	24.887	442	293	15	59	476	6	432	7.83e-066	208
OAG15530	CDD:306555	26.146	371	244	11	129	486	96	449	1.90e-039	136
OAG17341	CDD:306555	25.942	451	299	17	46	485	11	437	9.79e-048	160
PSS27892	CDD:306555	26.840	462	281	12	85	531	40	459	3.71e-086	262
OAG14821	CDD:306555	20.134	447	322	15	31	456	2	434	1.27e-066	209
OAG14089	CDD:306555	23.266	447	297	16	67	496	18	435	7.44e-057	184
OAG14085	CDD:306555	22.587	518	310	24	38	543	1	439	7.25e-046	155
OAG14210	CDD:306555	27.737	274	176	8	221	486	185	444	4.97e-036	126
OAG21194	CDD:306555	22.811	491	313	22	35	497	1	453	3.29e-054	177
OAG24020	CDD:306555	27.064	436	272	16	64	474	18	432	1.46e-067	212
OAG18737	CDD:306555	27.041	196	115	10	319	510	264	435	4.33e-016	66.5
PSS06736	CDD:306555	29.464	112	62	7	267	364	324	432	1.28e-014	61.5
RAH87244	CDD:306555	32.927	82	45	4	89	163	83	161	8.36e-006	32.6
RAH84208	CDD:306555	24.012	329	209	11	151	448	114	432	3.58e-037	129
PSS22960	CDD:306555	24.313	473	308	18	49	493	1	451	1.40e-044	150
PSS18369	CDD:306555	26.389	72	51	2	167	237	262	332	1.29e-006	35.3
OAG14091	CDD:306555	21.116	502	312	19	51	516	1	454	1.01e-045	153
OAG23433	CDD:306555	25.164	457	291	17	116	543	21	455	3.45e-053	175
OAG20437	CDD:306555	21.124	445	275	22	74	480	24	430	1.43e-034	122
PSS06680	CDD:306555	26.763	482	314	17	67	535	5	460	1.60e-080	247
PSS25477	CDD:306555	18.681	455	316	16	55	481	18	446	1.08e-033	119
PSS25707	CDD:306555	25.926	486	319	14	40	512	2	459	2.20e-075	233
OAG13289	CDD:306555	28.539	438	280	14	16	432	10	435	6.10e-076	245
PSS18485	CDD:306555	25.108	462	289	15	45	472	2	440	7.79e-071	220
PSS18511	CDD:306555	20.198	505	309	22	67	532	5	454	3.12e-020	79.6
PSS22940	CDD:306555	29.148	223	146	5	32	253	224	435	2.48e-048	154
PWN87622	CDD:306555	20.602	432	291	17	47	443	24	438	1.86e-031	113
PWN92807	CDD:306555	32.203	177	114	4	194	369	255	426	9.12e-046	152
PWN92576	CDD:306555	27.169	438	292	12	60	484	19	442	1.28e-072	226
EKM83196	CDD:306555	20.280	429	313	11	1	416	42	454	4.37e-038	130
EKM82151	CDD:306555	30.374	428	237	16	154	562	47	432	8.39e-077	239
EKM77565	CDD:306555	17.480	246	130	11	50	225	84	326	2.01e-007	37.3
EKM82232	CDD:306555	27.521	476	297	16	33	477	1	459	8.09e-058	186
PSS24957	CDD:306555	31.609	174	103	5	241	411	270	430	8.31e-021	80.4
OAG15182	CDD:306555	25.905	359	218	11	18	346	121	461	2.30e-055	176
OAG15186	CDD:306555	23.349	424	286	13	71	474	29	433	6.47e-066	208
OAG13651	CDD:306555	25.439	456	301	14	56	493	17	451	2.73e-054	177
OAG14774	CDD:306555	24.598	435	293	14	94	513	39	453	9.58e-063	200
OAG14595	CDD:306555	23.947	451	302	14	35	466	1	429	2.50e-043	147
PSS25381	CDD:306555	23.288	292	187	9	174	455	197	461	1.33e-027	101
RAH79464	CDD:306555	23.340	467	286	16	60	497	17	440	4.50e-056	182
PYI36536	CDD:306555	24.473	474	312	14	43	494	1	450	1.55e-064	204
PYI35496	CDD:306555	22.535	497	324	21	68	541	1	459	2.77e-041	142
EKM80790	CDD:306555	26.569	478	304	17	58	529	2	438	2.03e-084	258
EKM84198	CDD:306555	21.007	457	297	17	69	499	20	438	1.53e-028	105
PSS20332	CDD:306555	22.093	344	232	12	137	459	100	428	4.45e-039	135
OAG21090	CDD:306555	27.083	192	102	5	346	537	296	449	6.67e-032	115
OAG22251	CDD:306555	28.873	426	268	14	88	487	28	444	4.77e-058	187
OAG18924	CDD:306555	24.083	436	280	14	59	447	1	432	8.99e-062	196
OAG20458	CDD:306555	25.054	467	295	17	52	499	11	441	8.63e-059	190
EKM75926	CDD:306555	26.042	480	294	19	54	517	1	435	9.65e-071	222
PSS22514	CDD:306555	26.395	466	275	19	63	494	18	449	3.46e-066	209
OAG24785	CDD:306555	27.511	458	289	16	53	487	2	439	7.28e-082	250
OAG25286	CDD:306555	24.324	444	295	16	70	495	30	450	7.09e-066	208
OAG18659	CDD:306555	27.027	444	290	15	56	478	25	455	1.58e-066	209
PWN91667	CDD:306555	27.273	462	295	17	41	485	2	439	5.46e-064	203
OAG25979	CDD:306555	21.220	410	265	13	139	542	84	441	5.33e-037	130
EKM76230	CDD:306555	24.359	78	24	3	3	45	288	365	9.14e-008	36.1
EKM76776	CDD:306555	24.181	397	233	14	107	473	98	456	8.79e-037	128
EKM76767	CDD:306555	24.900	498	294	18	53	531	3	439	4.93e-056	183
EKM76957	CDD:306555	26.154	455	288	15	42	473	10	439	4.10e-054	176
OAG25488	CDD:306555	24.419	430	296	12	64	480	27	440	1.33e-061	196
EKM83195	CDD:306555	20.798	476	314	17	82	524	16	461	6.55e-038	132
EKM77746	CDD:306555	27.896	423	271	11	41	446	10	415	9.73e-064	202
OAG15895	CDD:306555	27.174	460	289	12	32	470	2	436	3.94e-070	220
OAG17343	CDD:306555	23.890	473	309	18	51	510	23	457	1.12e-067	213
OAG14134	CDD:306555	25.319	470	314	15	45	500	1	447	2.16e-063	202
OAG15193	CDD:306555	24.186	430	280	12	70	472	26	436	2.74e-064	203
OAG14871	CDD:306555	20.859	489	291	20	91	566	30	435	5.52e-049	165
OAG15818	CDD:306555	26.772	381	266	8	116	489	85	459	2.71e-058	187
OAG14482	CDD:306555	22.222	414	258	17	96	473	47	432	1.47e-044	150
