fig|1765.277.peg.3383	CDD:306555	35.484	31	20	0	257	287	401	431	4.95e-006	33.8
fig|1764.11.peg.2615|BBJ32_12650	CDD:306555	20.699	372	222	13	84	391	90	452	1.24e-027	100
fig|1767.10.peg.2688|CKJ61_13225	CDD:306555	25.469	373	203	16	96	402	68	431	2.32e-036	126
fig|1773.248.peg.1112|IQ40_03000	CDD:306555	26.077	441	272	18	48	452	1	423	4.00e-052	170
fig|1770.39.peg.108|CEP84_00555	CDD:306555	30.242	248	168	5	1	245	214	459	2.54e-058	180
fig|1770.9.peg.3386	CDD:306555	25.575	348	199	14	82	372	86	430	2.70e-036	125
fig|1767.10.peg.2199|CKJ61_10845	CDD:306555	20.745	376	231	14	78	397	60	424	1.82e-020	79.6
fig|1764.11.peg.1891|BBJ32_09125	CDD:306555	28.230	418	248	13	37	410	26	435	3.96e-062	196
fig|1773.31.peg.3379|UDA_1777	CDD:306555	22.817	355	200	15	90	378	87	433	8.47e-026	95.4
fig|1773.226.peg.910|IU13_06745	CDD:306555	23.506	251	152	6	181	392	210	459	3.09e-026	96.6
fig|1771.11.peg.3973|MPHLCCUG_04005	CDD:306555	22.571	350	208	11	97	387	91	436	6.19e-019	74.6
fig|1765.326.peg.1912|RN07_1810	CDD:306555	26.551	403	259	9	23	396	34	428	6.14e-068	211
fig|1772.19.peg.1231|ERS451418_01218	CDD:306555	27.107	439	270	16	28	429	24	449	1.02e-060	192
fig|1773.228.peg.1376|IU15_19215	CDD:306555	27.211	441	278	16	47	449	26	461	1.28e-064	203
fig|1773.226.peg.1579|IU13_09520	CDD:306555	22.029	345	199	13	13	289	98	440	5.16e-019	73.9
fig|1773.226.peg.4399|IU13_21955	CDD:306555	26.484	438	273	15	10	405	2	432	3.36e-071	220
fig|1767.10.peg.2677|CKJ61_13170	CDD:306555	20.672	387	236	16	63	385	48	427	2.89e-017	69.6
fig|1765.277.peg.2467	CDD:306555	21.189	387	230	13	36	353	44	424	1.74e-028	103
fig|1773.225.peg.2448|IU21_02720	CDD:306555	26.178	191	112	3	57	220	243	431	2.16e-026	93.9
fig|1766.6.peg.4137|XA26_41630	CDD:306555	27.442	215	122	5	210	390	216	430	1.60e-028	103
fig|1771.11.peg.1285|MPHLCCUG_01301	CDD:306555	24.282	383	213	15	98	413	87	459	1.04e-029	106
fig|1767.10.peg.766|CKJ61_03825	CDD:306555	19.500	400	253	15	47	383	37	430	5.19e-038	130
fig|1767.10.peg.1510|CKJ61_07495	CDD:306555	23.429	350	198	13	104	388	86	430	2.78e-020	79.2
fig|1766.6.peg.999|XA26_10090	CDD:306555	22.965	344	205	9	35	318	89	432	4.30e-029	103
fig|1772.19.peg.3720|ERS451418_03656	CDD:306555	23.229	353	205	16	93	384	89	436	3.11e-023	87.7
fig|1766.6.peg.4871	CDD:306555	26.599	297	166	10	8	252	136	432	3.55e-040	133
fig|1764.11.peg.2808|BBJ32_13600	CDD:306555	21.378	421	256	16	14	368	17	428	8.95e-035	121
fig|1767.9.peg.1965|CKJ67_09735	CDD:306555	22.481	387	228	15	49	367	49	431	1.29e-024	91.6
fig|1767.10.peg.791|CKJ61_03950	CDD:306555	28.655	171	95	4	241	384	260	430	3.08e-022	85.0
fig|1770.10.peg.190	CDD:306555	25.359	209	125	4	191	368	216	424	1.64e-021	82.3
fig|1770.10.peg.3629	CDD:306555	25.635	433	249	17	13	384	11	431	8.04e-048	157
fig|1772.10.peg.4495	CDD:306555	24.496	347	195	16	102	388	90	429	1.35e-019	76.9
fig|1767.10.peg.1474|CKJ61_07320	CDD:306555	22.276	413	248	15	59	402	48	456	2.71e-040	136
fig|1764.11.peg.3810|BBJ32_18425	CDD:306555	23.833	407	240	15	20	366	35	431	2.50e-033	116
fig|1764.11.peg.4019|BBJ32_19380	CDD:306555	21.883	393	242	16	46	378	49	436	1.35e-026	97.7
fig|1766.6.peg.2214|XA26_22270	CDD:306555	23.469	392	227	15	64	385	53	441	1.38e-039	134
fig|1767.10.peg.1180|CKJ61_05850	CDD:306555	22.222	414	228	17	51	384	43	442	2.87e-030	108
fig|1767.9.peg.1714|CKJ67_08510	CDD:306555	21.448	359	203	15	88	380	87	432	1.94e-026	97.3
fig|1770.10.peg.2127	CDD:306555	21.411	411	244	13	48	389	39	439	2.11e-040	137
fig|1767.9.peg.3083|CKJ67_15105	CDD:306555	28.770	431	279	13	45	452	34	459	5.11e-061	193
fig|1764.11.peg.2061	CDD:306555	19.444	72	53	2	90	157	87	157	1.91e-006	34.2
fig|1767.9.peg.2157|CKJ67_10675	CDD:306555	22.191	356	210	13	89	380	78	430	1.76e-030	109
fig|1764.11.peg.4036|BBJ32_19460	CDD:306555	23.733	375	215	12	95	398	57	431	2.00e-034	120
fig|1767.9.peg.2338|CKJ67_11560	CDD:306555	23.827	277	159	8	146	385	167	428	9.68e-029	104
fig|1764.11.peg.4091|BBJ32_19735	CDD:306555	23.846	390	230	13	30	352	35	424	1.52e-033	117
fig|1767.10.peg.1908|CKJ61_09425	CDD:306555	26.838	272	153	10	145	379	166	428	3.20e-029	105
fig|1770.10.peg.1690	CDD:306555	24.814	403	223	14	71	397	44	442	9.33e-033	115
fig|1772.10.peg.749	CDD:306555	25.064	391	222	10	45	371	48	431	6.25e-043	143
fig|1770.10.peg.4057	CDD:306555	21.067	375	228	14	2	312	87	457	2.65e-025	92.3
fig|1772.19.peg.2608|ERS451418_02568	CDD:306555	22.343	367	207	11	102	401	88	443	2.28e-023	88.1
fig|1772.10.peg.1150	CDD:306555	25.495	455	295	15	38	459	1	444	3.98e-061	194
fig|1766.6.peg.833|XA26_08430	CDD:306555	25.843	445	293	14	38	455	27	461	4.18e-067	209
fig|1772.10.peg.6502	CDD:306555	24.731	372	205	16	85	393	87	446	4.73e-030	107
fig|1764.11.peg.44|BBJ32_00215	CDD:306555	23.631	347	200	14	91	377	87	428	4.37e-034	119
fig|1772.10.peg.3073	CDD:306555	24.194	434	249	15	2	366	20	442	9.94e-054	173
fig|1771.11.peg.4450|MPHLCCUG_04483	CDD:306555	27.477	444	287	12	22	437	3	439	1.69e-073	226
fig|1767.10.peg.708|CKJ61_03545	CDD:306555	26.110	383	220	12	42	363	48	428	1.25e-032	115
fig|1772.19.peg.2085|ERS451418_02055	CDD:306555	20.305	394	240	11	41	369	48	432	2.86e-035	122
fig|1766.6.peg.3643|XA26_36640	CDD:306555	23.575	386	231	16	45	370	49	430	9.78e-043	143
fig|1767.10.peg.91|CKJ61_00455	CDD:306555	22.006	359	210	18	80	375	88	439	3.09e-029	105
fig|1772.19.peg.1832|ERS451418_01808	CDD:306555	20.367	491	265	26	35	443	8	454	1.11e-016	68.1
fig|1767.10.peg.2155|CKJ61_10635	CDD:306555	28.402	338	179	13	106	384	91	424	7.38e-031	110
fig|1772.10.peg.4055	CDD:306555	35.938	64	32	2	8	62	361	424	3.11e-014	53.8
fig|1767.9.peg.1006|CKJ67_05040	CDD:306555	26.478	423	267	12	1	385	26	442	7.20e-077	233
fig|1772.10.peg.1984	CDD:306555	18.182	99	75	3	144	241	48	141	6.69e-009	42.3
fig|1766.6.peg.1226|XA26_12400	CDD:306555	23.797	374	216	14	64	368	57	430	7.72e-030	107
fig|1767.10.peg.1790|CKJ61_08845	CDD:306555	18.863	387	241	13	52	376	58	433	3.11e-024	90.8
fig|1767.10.peg.1876|CKJ61_09265	CDD:306555	22.955	379	225	16	41	353	47	424	2.68e-033	116
fig|1766.6.peg.5933|XA26_59680	CDD:306555	29.480	173	95	5	218	363	256	428	2.24e-023	88.1
fig|1767.10.peg.1852|CKJ61_09150	CDD:306555	23.362	351	198	14	83	367	79	424	9.77e-026	95.0
fig|1772.19.peg.596|ERS451418_00593	CDD:306555	21.256	414	255	15	17	361	20	431	1.07e-033	117
fig|1767.9.peg.1444|CKJ67_07200	CDD:306555	21.889	434	250	22	20	388	15	424	1.03e-027	101
fig|1766.6.peg.1988|XA26_20020	CDD:306555	23.483	379	209	14	90	394	90	461	2.83e-038	130
fig|1766.6.peg.1782|XA26_18010	CDD:306555	26.797	459	306	12	19	456	1	450	1.35e-084	255
fig|1771.11.peg.3396|MPHLCCUG_03421	CDD:306555	21.608	398	228	12	68	392	44	430	8.92e-026	95.4
fig|1767.10.peg.2369|CKJ61_11690	CDD:306555	25.688	436	286	14	61	461	6	438	3.80e-058	187
fig|1767.10.peg.2351|CKJ61_11605	CDD:306555	18.222	450	273	20	86	455	25	459	1.18e-021	83.5
fig|1771.11.peg.4159|MPHLCCUG_04192	CDD:306555	21.965	346	204	14	89	370	87	430	3.69e-026	96.6
fig|1766.6.peg.785|XA26_07930	CDD:306555	25.369	339	187	12	73	345	87	425	2.20e-023	87.7
fig|1766.6.peg.4639|XA26_46660	CDD:306555	29.012	162	84	7	236	368	269	428	4.15e-023	87.3
fig|1767.10.peg.1738|CKJ61_08590	CDD:306555	19.531	384	233	13	78	390	50	428	1.38e-024	92.0
fig|1767.10.peg.1739|CKJ61_08595	CDD:306555	27.807	187	106	6	211	369	244	429	5.81e-023	86.9
fig|1767.10.peg.1721|CKJ61_08510	CDD:306555	20.802	399	237	19	57	390	49	433	3.82e-022	84.6
fig|1771.11.peg.5035|MPHLCCUG_05077	CDD:306555	25.000	400	228	15	34	367	31	424	4.66e-043	143
fig|1771.11.peg.2673|MPHLCCUG_02694	CDD:306555	22.286	350	207	7	85	371	84	431	1.44e-035	123
